Running
3 48.04 65.33 0.00 100.00 0.00 100.00 100.00
5 77.09 13.33 0.00 100.00 0.00 100.00 100.00
7 81.56 4.00 0.00 100.00 0.78 94.67 94.67
9 81.56 4.00 1.56 94.67 1.75 88.00 84.00
11 82.12 2.67 9.34 68.00 3.30 77.33 56.00
13 82.12 2.67 22.18 24.00 6.41 58.67 21.33
15 82.12 2.67 25.68 12.00 11.46 36.00 10.67
17 82.12 2.67 27.63 5.33 14.56 22.67 6.67
19 82.68 2.67 28.40 4.00 17.09 13.33 5.33
21 82.68 2.67 28.79 2.67 19.22 6.67 4.00
23 82.68 2.67 28.79 2.67 20.97 4.00 4.00
25 82.68 2.67 28.79 2.67 21.75 2.67 4.00
27 82.68 2.67 28.79 2.67 22.52 2.67 4.00
29 83.24 2.67 28.79 2.67 22.52 2.67 4.00
31 83.24 2.67 29.18 2.67 22.72 2.67 4.00
33 83.24 2.67 29.18 2.67 22.72 2.67 4.00
35 83.80 2.67 29.18 2.67 22.91 2.67 4.00
37 83.80 2.67 29.18 2.67 23.11 1.33 2.67
39 83.80 2.67 31.13 2.67 23.30 1.33 2.67
41 84.36 2.67 32.30 2.67 23.50 1.33 2.67
43 84.36 2.67 33.07 2.67 23.50 1.33 2.67
45 84.36 2.67 34.24 2.67 23.50 1.33 2.67
47 84.36 2.67 36.58 2.67 24.27 0.00 2.67
49 84.36 2.67 37.35 2.67 24.27 0.00 2.67
51 84.36 1.33 37.35 2.67 24.47 0.00 1.33
53 84.36 1.33 39.30 2.67 24.66 0.00 1.33
55 84.92 1.33 40.08 2.67 25.24 0.00 1.33
57 85.47 1.33 40.08 2.67 25.63 0.00 1.33
59 87.15 1.33 41.25 2.67 26.21 0.00 1.33
61 88.27 1.33 42.41 1.33 27.38 0.00 1.33
63 90.50 1.33 43.19 1.33 27.96 0.00 1.33
65 92.18 1.33 45.53 1.33 28.35 0.00 1.33
67 92.74 1.33 49.42 1.33 29.13 0.00 1.33
69 92.74 1.33 49.81 1.33 30.10 0.00 1.33
71 92.74 1.33 51.36 1.33 32.43 0.00 1.33
73 92.74 1.33 54.09 1.33 34.95 0.00 1.33
75 92.74 1.33 54.47 1.33 36.50 0.00 1.33
